1801 
350 0.00681495769153226
351 0.00675041541350807
352 0.00670175214451613
353 0.00665910553129032
354 0.00664645141217742
355 0.00664525111955645
356 0.00672371659080646
357 0.00683646446044355
358 0.00705120621209678
359 0.0073205553076613
360 0.00772395459677421
361 0.00822454027620969
362 0.00892571978000002
363 0.00984078547000001
364 0.0110060105
365 0.012609014375
366 0.0144219480443549
367 0.016986657328629
368 0.0196167482903225
369 0.023558559155242
370 0.0275003700201614
371 0.0328649854657259
372 0.0384792157500001
373 0.045552835896371
374 0.0534923141427419
375 0.062869129737903
376 0.0746146772838709
377 0.0863480457939516
378 0.0979721720427421
379 0.109596298291533
380 0.122584794354839
381 0.135924878024194
382 0.150075422580645
383 0.165171504838709
384 0.180388141806451
385 0.196701073165322
386 0.213014004524193
387 0.231195872649193
388 0.250151661725806
389 0.269754264124999
390 0.29097745375
391 0.312200643375
392 0.334679971612903
393 0.357411479193548
394 0.379395039112903
395 0.39998469657258
396 0.420574354032258
397 0.437299516044355
398 0.453254740266129
399 0.467952880399194
400 0.479515372580645
401 0.491077864762097
402 0.500773504274194
403 0.50968986125
404 0.518544244516129
405 0.526781104032258
406 0.535017963548387
407 0.544773586129032
408 0.55644172516129
409 0.568109864193548
410 0.583046299516129
411 0.59902006366129
412 0.615070751580645
413 0.632974020395161
414 0.650877289209678
415 0.668242123810484
416 0.684251371096775
417 0.700260618383065
418 0.712973929798387
419 0.722278430826613
420 0.731582931854839
421 0.735601627641129
422 0.736909654072581
423 0.738217680504032
424 0.728583158451612
425 0.716071500806451
426 0.70355984316129
427 0.697311584330645
428 0.691891946354839
429 0.686472308379032
430 0.682776743427419
431 0.679202502133064
432 0.67562826083871
433 0.676491915544355
434 0.67761758625
435 0.678743256955645
436 0.684691313306452
437 0.691103060584678
438 0.697514807862903
439 0.707465691431452
440 0.718103495967742
441 0.728741300504032
442 0.74055998075
443 0.752840488625
444 0.7651209965
445 0.777330701875
446 0.78948376525
447 0.801636828625
448 0.811460064516129
449 0.81689060483871
450 0.82232114516129
451 0.827187630947581
452 0.826413571370968
453 0.825639511794355
454 0.824865452217742
455 0.820229396189516
456 0.814551499258064
457 0.808873602326613
458 0.801909004846774
459 0.793276058350807
460 0.784643111854839
461 0.776047537677419
462 0.768531608258065
463 0.76101567883871
464 0.753499749419355
465 0.747675965625
466 0.743074893508065
467 0.738473821391129
468 0.734179107741936
469 0.733637285322581
470 0.733095462903226
471 0.732553640483871
472 0.734086551806452
473 0.737556898314516
474 0.741027244822581
475 0.744497591330645
476 0.751429173790322
477 0.758727412600806
478 0.76602565141129
479 0.773679168241935
480 0.782485882580645
481 0.791292596919354
482 0.800099311258064
483 0.808795748951613
484 0.817386119032258
485 0.825976489112903
486 0.834566859193548
487 0.841344675362903
488 0.84743666032258
489 0.853528645282258
490 0.859620630241935
491 0.861508502306451
492 0.862830798645161
493 0.864153094983871
494 0.865475391322581
495 0.862510621350807
496 0.859440862
497 0.856371102649193
498 0.853282759064516
499 0.847899262596774
500 0.842515766129032
501 0.83713226966129
502 0.831748773193548
503 0.824399510665322
504 0.817001307903226
505 0.809603105141129
506 0.802204902379032
507 0.796230181673387
508 0.790454086370968
509 0.784677991068548
510 0.778901895766129
511 0.77459234378629
512 0.77087619083871
513 0.767160037891129
514 0.763443884943548
515 0.761094931290323
516 0.760243952516129
517 0.759392973741935
518 0.758541994967742
519 0.758167025366936
520 0.760090831774194
521 0.762014638181452
522 0.76393844458871
523 0.765862250995968
524 0.770214644435484
525 0.775200020665323
526 0.780185396895161
527 0.785170773125
528 0.790592077419355
529 0.79685799233871
530 0.803123907258064
531 0.809389822177419
532 0.815655737096774
533 0.822160116669355
534 0.828720011822581
535 0.835279906975807
536 0.841839802129032
537 0.848152453592742
538 0.853497172314516
539 0.85884189103629
540 0.864186609758065
541 0.869531328479839
542 0.873428141524194
543 0.875962941600806
544 0.878497741677419
545 0.881032541754032
546 0.883567341830645
547 0.883455726612903
548 0.882435874193548
549 0.881416021774194
550 0.880396169354839
551 0.879376316935484
552 0.875905051612903
553 0.872127359677419
554 0.868349667741935
555 0.864571975806451
556 0.860794283870968
557 0.855920190842742
558 0.85098374325
559 0.846047295657258
560 0.841110848064516
561 0.836174400471774
562 0.830258779870968
563 0.82425105883871
564 0.818243337806452
565 0.812235616774194
566 0.806227895741936
567 0.801649827875
568 0.797451899
569 0.793253970125
570 0.78905604125
571 0.784858112375
572 0.78152519
573 0.7788410225
574 0.776156855
575 0.7734726875
576 0.77078852
577 0.768717497822581
578 0.768430171129032
579 0.768142844435484
580 0.767855517741936
581 0.767568191048387
582 0.767280864354839
583 0.768915872794355
584 0.770916017516129
585 0.772916162237903
586 0.774916306959677
587 0.776916451681452
588 0.779411997241935
589 0.782949341625
590 0.786486686008064
591 0.790024030391129
592 0.793561374774193
593 0.797098719157258
594 0.801513061403226
595 0.806305834233871
596 0.811098607064516
597 0.815891379895161
598 0.820684152725806
599 0.825476925556452
600 0.830030629032258
601 0.834575965080645
602 0.839121301129032
603 0.843666637177419
604 0.848211973225806
605 0.852654777318548
606 0.856359351330645
607 0.860063925342742
608 0.863768499354839
609 0.867473073366935
610 0.871177647379032
611 0.874595147737903
612 0.876533783822581
613 0.878472419907258
614 0.880411055991935
615 0.882349692076613
616 0.88428832816129
617 0.885988874104839
618 0.885112444403226
619 0.884236014701613
620 0.883359585
621 0.882483155298387
622 0.881606725596774
623 0.880730295895161
624 0.878291575935484
625 0.875648693044355
626 0.873005810153226
627 0.870362927262097
628 0.867720044370968
629 0.865077161479839
630 0.861824765927419
631 0.858090301270161
632 0.854355836612903
633 0.850621371955645
634 0.846886907298387
635 0.843152442641129
636 0.839384711451613
637 0.835325898104839
638 0.831267084758065
639 0.82720827141129
640 0.823149458064516
641 0.819090644717742
642 0.815031831370968
643 0.811225478004032
644 0.807658834112903
645 0.804092190221774
646 0.800525546330645
647 0.796958902439516
648 0.793392258548387
649 0.789825614657258
650 0.787337508870968
651 0.7851442035
652 0.782950898129032
653 0.780757592758065
654 0.778564287387097
655 0.776370982016129
656 0.774177676645161
657 0.773606918741936
658 0.773186223032258
659 0.772765527322581
660 0.772344831612903
661 0.771924135903226
662 0.771503440193548
663 0.771082744483871
664 0.771836800967742
665 0.772723716330645
666 0.773610631693548
667 0.774497547056452
668 0.775384462419355
669 0.776271377782258
670 0.777158293145161
671 0.779212223629032
672 0.781698381935484
673 0.784184540241936
674 0.786670698548387
675 0.789156856854839
676 0.79164301516129
677 0.794129173467742
678 0.796623731370968
679 0.799130661653226
680 0.801637591935484
681 0.804144522217742
682 0.8066514525
683 0.809158382782258
684 0.811665313064516
685 0.814172243346774
686 0.817946518701613
687 0.821835313189516
688 0.825724107677419
689 0.829612902165323
690 0.833501696653226
691 0.837390491141129
692 0.841279285629032
693 0.844998422814516
694 0.84824107566129
695 0.851483728508065
696 0.854726381354839
697 0.857969034201613
698 0.861211687048387
699 0.864454339895161
700 0.867696992741936
701 0.87058341875
702 0.8730072125
703 0.87543100625
704 0.8778548
705 0.88027859375
706 0.8827023875
707 0.88512618125
708 0.887549975
709 0.888990823891129
710 0.889121079637097
711 0.889251335383065
712 0.889381591129032
713 0.889511846875
714 0.889642102620968
715 0.889772358366935
716 0.889902614112903
717 0.889704400012097
718 0.888448673233871
719 0.887192946455645
720 0.885937219677419
721 0.884681492899194
722 0.883425766120968
723 0.882170039342742
724 0.880914312564516
725 0.87965858578629
726 0.877430639709677
727 0.875036217725807
728 0.872641795741936
729 0.870247373758065
730 0.867852951774194
731 0.865458529790323
732 0.863064107806452
733 0.860669685822581
734 0.858119739508065
735 0.855153934657258
736 0.852188129806452
737 0.849222324955645
738 0.846256520104839
739 0.843290715254032
740 0.840324910403226
741 0.837359105552419
742 0.834393300701613
743 0.831522601935484
744 0.82875288
745 0.825983158064516
746 0.823213436129032
747 0.820443714193548
748 0.817673992258065
749 0.814904270322581
750 0.812134548387097
751 0.809364826451613
752 0.806818978709677
753 0.804510997298387
754 0.802203015887097
755 0.799895034475806
756 0.797587053064516
757 0.795279071653226
758 0.792971090241935
759 0.790663108830645
760 0.788355127419355
761 0.786449007883064
762 0.785664363346774
763 0.784879718810484
764 0.784095074274194
765 0.783310429737903
766 0.782525785201613
767 0.781741140665323
768 0.780956496129032
769 0.780171851592742
770 0.779387207056451
771 0.779031534169355
772 0.778774099064516
773 0.778516663959677
774 0.778259228854839
775 0.77800179375
776 0.777744358645161
777 0.777486923540323
778 0.777229488435484
779 0.776972053330645
780 0.776848898064516
781 0.777658987677419
782 0.778469077290323
783 0.779279166903226
784 0.780089256516129
785 0.780899346129032
786 0.781709435741936
787 0.782519525354839
788 0.783329614967742
789 0.784139704580645
790 0.785147275
791 0.7869908475
792 0.78883442
793 0.7906779925
794 0.792521565
795 0.7943651375
796 0.79620871
797 0.7980522825
798 0.799895855
799 0.8017394275
800 0.803583
801 0.806072788125
802 0.80856257625
803 0.811052364375
804 0.8135421525
805 0.816031940625
806 0.81852172875
807 0.821011516875
808 0.823501305
809 0.825991093125
810 0.82848088125
811 0.832069696137097
812 0.836585401064516
813 0.841101105991936
814 0.845616810919355
815 0.850132515846774
816 0.854648220774194
817 0.859163925701613
818 0.863679630629032
819 0.868195335556452
820 0.872711040483871
821 0.877226745411291
822 0.877915738322581
823 0.877695102967742
824 0.877474467612903
825 0.877253832258065
826 0.877033196903226
827 0.876812561548387
828 0.876591926193548
829 0.87637129083871
830 0.876150655483871
831 0.875930020129032
832 0.875709384774194
833 0.876469451439516
834 0.877497744298387
835 0.878526037157258
836 0.879554330016129
837 0.880582622875
838 0.881610915733871
839 0.882639208592742
840 0.883667501451613
841 0.884695794310484
842 0.885724087169355
843 0.886752380028226
844 0.887478305403226
845 0.887852950907258
846 0.88822759641129
847 0.888602241915323
848 0.888976887419355
849 0.889351532923387
850 0.889726178427419
851 0.890100823931452
852 0.890475469435484
853 0.890850114939516
854 0.891224760443548
855 0.891599405947581
856 0.890766213709677
857 0.889681388608871
858 0.888596563508065
859 0.887511738407258
860 0.886426913306452
861 0.885342088205645
862 0.884257263104839
863 0.883172438004032
864 0.882087612903226
865 0.881002787802419
866 0.879917962701613
867 0.878833137600807
868 0.877193272
869 0.875468359870968
870 0.873743447741936
871 0.872018535612903
872 0.870293623483871
873 0.868568711354839
874 0.866843799225807
875 0.865118887096774
876 0.863393974967742
877 0.86166906283871
878 0.859944150709677
879 0.858219238580645
880 0.85651116483871
881 0.854815930366936
882 0.853120695895161
883 0.851425461423387
884 0.849730226951613
885 0.848034992479839
886 0.846339758008065
887 0.84464452353629
888 0.842949289064516
889 0.841254054592742
890 0.839558820120968
891 0.837863585649194
892 0.83616835117742
893 0.834276978520161
894 0.832367073120968
895 0.830457167721774
896 0.828547262322581
897 0.826637356923387
898 0.824727451524194
899 0.822817546125
900 0.820907640725806
901 0.818997735326613
902 0.817087829927419
903 0.815177924528226
904 0.813268019129032
905 0.811358113729839
906 0.809721821370968
907 0.808119169959677
908 0.806516518548387
909 0.804913867137097
910 0.803311215725806
911 0.801708564314516
912 0.800105912903226
913 0.798503261491935
914 0.796900610080645
915 0.795297958669355
916 0.793695307258064
917 0.792092655846774
918 0.790490004435484
919 0.789377061451613
920 0.788791496774194
921 0.788205932096774
922 0.787620367419355
923 0.787034802741935
924 0.786449238064516
925 0.785863673387097
926 0.785278108709677
927 0.784692544032258
928 0.784106979354839
929 0.783521414677419
930 0.78293585
931 0.782350285322581
932 0.781764720645161
933 0.781363394580645
934 0.781053152774194
935 0.780742910967742
936 0.78043266916129
937 0.780122427354839
938 0.779812185548387
939 0.779501943741935
940 0.779191701935484
941 0.778881460129032
942 0.778571218322581
943 0.778260976516129
944 0.777950734709677
945 0.777640492903226
946 0.777330251096774
947 0.777430203814516
948 0.778062689774194
949 0.778695175733871
950 0.779327661693549
951 0.779960147653226
952 0.780592633612903
953 0.781225119572581
954 0.781857605532258
955 0.782490091491936
956 0.783122577451613
957 0.78375506341129
958 0.784387549370968
959 0.785020035330645
960 0.785652521290323
961 0.78628500725
962 0.787299186612903
963 0.788434105725807
964 0.78956902483871
965 0.790703943951613
966 0.791838863064516
967 0.792973782177419
968 0.794108701290323
969 0.795243620403226
970 0.796378539516129
971 0.797513458629032
972 0.798648377741936
973 0.799783296854839
974 0.800918215967742
975 0.802053135080645
976 0.803188054193548
977 0.804712846270161
978 0.806474523185484
979 0.808236200100806
980 0.809997877016129
981 0.811759553931452
982 0.813521230846774
983 0.815282907762097
984 0.817044584677419
985 0.818806261592742
986 0.820567938508065
987 0.822329615423387
988 0.82409129233871
989 0.825852969254032
990 0.827614646169355
991 0.829376323084677
992 0.831138
993 0.832388768649194
994 0.833639537298387
995 0.834890305947581
996 0.836141074596774
997 0.837391843245968
998 0.838642611895161
999 0.839893380544355
1000 0.841144149193548
1001 0.842394917842742
1002 0.843645686491935
1003 0.844896455141129
1004 0.846147223790323
1005 0.847397992439516
1006 0.84864876108871
1007 0.849899529737903
1008 0.851150298387097
1009 0.852669250455645
1010 0.854228304717742
1011 0.855787358979839
1012 0.857346413241936
1013 0.858905467504032
1014 0.860464521766129
1015 0.862023576028226
1016 0.863582630290323
1017 0.865141684552419
1018 0.866700738814516
1019 0.868259793076613
1020 0.86981884733871
1021 0.871377901600807
1022 0.872936955862903
1023 0.874496010125
1024 0.876055064387097
1025 0.877450982560484
1026 0.878220458153226
1027 0.878989933745968
1028 0.87975940933871
1029 0.880528884931452
1030 0.881298360524194
1031 0.882067836116936
1032 0.882837311709677
1033 0.883606787302419
1034 0.884376262895161
1035 0.885145738487903
1036 0.885915214080645
1037 0.886684689673387
1038 0.887454165266129
1039 0.888223640858871
1040 0.888993116451613
1041 0.889762592044355
1042 0.890532067637097
1043 0.891323341084677
1044 0.892114987145161
1045 0.892906633205645
1046 0.893698279266129
1047 0.894489925326613
1048 0.895281571387097
1049 0.896073217447581
1050 0.896864863508064
1051 0.897656509568548
1052 0.898448155629032
1053 0.899239801689516
1054 0.90003144775
1055 0.900823093810484
1056 0.901614739870968
1057 0.902406385931452
1058 0.903198031991935
1059 0.903989678052419
1060 0.904624530241935
1061 0.904498932157258
1062 0.904373334072581
1063 0.904247735987903
1064 0.904122137903226
1065 0.903996539818548
1066 0.903870941733871
1067 0.903745343649194
1068 0.903619745564516
1069 0.903494147479839
1070 0.903368549395161
1071 0.903242951310484
1072 0.903117353225806
1073 0.902991755141129
1074 0.902866157056452
1075 0.902740558971774
1076 0.902614960887097
1077 0.902489362802419
1078 0.902363764717742
1079 0.901354020967742
1080 0.900032225806452
1081 0.898710430645161
1082 0.897388635483871
1083 0.896066840322581
1084 0.89474504516129
1085 0.89342325
1086 0.89210145483871
1087 0.890779659677419
1088 0.889457864516129
1089 0.888136069354839
1090 0.886814274193548
1091 0.885492479032258
1092 0.884170683870968
1093 0.882848888709677
1094 0.881527093548387
1095 0.880205298387097
1096 0.878883503225806
1097 0.877561708064516
1098 0.876239912903226
1099 0.874918117741936
1100 0.873596322580645
1101 0.872274527419355
1102 0.870952732258064
1103 0.869630937096774
1104 0.868309141935484
1105 0.866987346774194
1106 0.865665551612903
1107 0.864343756451613
1108 0.863021961290322
1109 0.861700166129032
1110 0.860378370967742
1111 0.859056575806452
1112 0.857734780645161
1113 0.856412985483871
1114 0.855091190322581
1115 0.85376939516129
1116 0.8524476
1117 0.85112580483871
1118 0.849696869991935
1119 0.848253722737903
1120 0.846810575483871
1121 0.845367428229839
1122 0.843924280975806
1123 0.842481133721774
1124 0.841037986467742
1125 0.83959483921371
1126 0.838151691959677
1127 0.836708544705645
1128 0.835265397451613
1129 0.83382225019758
1130 0.832379102943548
1131 0.830935955689516
1132 0.829492808435484
1133 0.828049661181452
1134 0.826606513927419
1135 0.825163366673387
1136 0.823720219419355
1137 0.822277072165322
1138 0.820958612241935
1139 0.819839058298387
1140 0.818719504354839
1141 0.81759995041129
1142 0.816480396467742
1143 0.815360842524193
1144 0.814241288580645
1145 0.813121734637097
1146 0.812002180693548
1147 0.81088262675
1148 0.809763072806452
1149 0.808643518862903
1150 0.807523964919355
1151 0.806404410975806
1152 0.805284857032258
1153 0.80416530308871
1154 0.803045749145161
1155 0.801926195201613
1156 0.800806641258064
1157 0.799687087314516
1158 0.798567533370968
1159 0.797486842822581
1160 0.796687164516129
1161 0.795887486209677
1162 0.795087807903226
1163 0.794288129596774
1164 0.793488451290323
1165 0.792688772983871
1166 0.791889094677419
1167 0.791089416370968
1168 0.790289738064516
1169 0.789490059758065
1170 0.788690381451613
1171 0.787890703145161
1172 0.78709102483871
1173 0.786291346532258
1174 0.785491668225806
1175 0.784691989919355
1176 0.783892311612903
1177 0.783092633306452
1178 0.782292955
1179 0.781493276693548
1180 0.780693598387097
1181 0.779904756915323
1182 0.779332652137097
1183 0.778760547358871
1184 0.778188442580645
1185 0.777616337802419
1186 0.777044233024194
1187 0.776472128245968
1188 0.775900023467742
1189 0.775327918689516
1190 0.77475581391129
1191 0.774183709133064
1192 0.773611604354839
1193 0.773039499576613
1194 0.772467394798387
1195 0.771895290020161
1196 0.771323185241935
1197 0.77075108046371
1198 0.770178975685484
1199 0.769606870907258
1200 0.769034766129032
1201 0.768462661350806
1202 0.767890556572581
1203 0.767318451794355
1204 0.766852834725806
1205 0.767194749455645
1206 0.767536664185484
1207 0.767878578915323
1208 0.768220493645161
1209 0.768562408375
1210 0.768904323104839
1211 0.769246237834677
1212 0.769588152564516
1213 0.769930067294355
1214 0.770271982024194
1215 0.770613896754032
1216 0.770955811483871
1217 0.77129772621371
1218 0.771639640943548
1219 0.771981555673387
1220 0.772323470403226
1221 0.772665385133064
1222 0.773007299862903
1223 0.773349214592742
1224 0.773691129322581
1225 0.774033044052419
1226 0.774374958782258
1227 0.774716873512097
1228 0.775094641677419
1229 0.775565884870968
1230 0.776037128064516
1231 0.776508371258064
1232 0.776979614451613
1233 0.777450857645161
1234 0.77792210083871
1235 0.778393344032258
1236 0.778864587225806
1237 0.779335830419355
1238 0.779807073612903
1239 0.780278316806452
1240 0.78074956
1241 0.781220803193548
1242 0.781692046387097
1243 0.782163289580645
1244 0.782634532774194
1245 0.783105775967742
1246 0.78357701916129
1247 0.784048262354839
1248 0.784519505548387
1249 0.784990748741936
1250 0.785461991935484
1251 0.785933235129032
1252 0.786404478322581
1253 0.786965155504032
1254 0.787624780927419
1255 0.788284406350807
1256 0.788944031774194
1257 0.789603657197581
1258 0.790263282620968
1259 0.790922908044355
1260 0.791582533467742
1261 0.792242158891129
1262 0.792901784314516
1263 0.793561409737903
1264 0.79422103516129
1265 0.794880660584677
1266 0.795540286008065
1267 0.796199911431452
1268 0.796859536854839
1269 0.797519162278226
1270 0.798178787701613
1271 0.798838413125
1272 0.799498038548387
1273 0.800157663971774
1274 0.800817289395161
1275 0.801476914818548
1276 0.802136540241935
1277 0.802796165665323
1278 0.80345579108871
1279 0.804372354899193
1280 0.805427583870968
1281 0.806482812842742
1282 0.807538041814516
1283 0.80859327078629
1284 0.809648499758064
1285 0.810703728729839
1286 0.811758957701613
1287 0.812814186673387
1288 0.813869415645161
1289 0.814924644616935
1290 0.81597987358871
1291 0.817035102560484
1292 0.818090331532258
1293 0.819145560504032
1294 0.820200789475806
1295 0.821256018447581
1296 0.822311247419355
1297 0.823366476391129
1298 0.824421705362903
1299 0.825476934334677
1300 0.826532163306452
1301 0.827587392278226
1302 0.82864262125
1303 0.829697850221774
1304 0.830753079193548
1305 0.831808308165323
1306 0.832759155
1307 0.8336727225
1308 0.83458629
1309 0.8354998575
1310 0.836413425
1311 0.8373269925
1312 0.83824056
1313 0.8391541275
1314 0.840067695
1315 0.8409812625
1316 0.84189483
1317 0.8428083975
1318 0.843721965
1319 0.8446355325
1320 0.8455491
1321 0.8464626675
1322 0.847376235
1323 0.8482898025
1324 0.84920337
1325 0.8501169375
1326 0.851030505
1327 0.8519440725
1328 0.85285764
1329 0.8537712075
1330 0.854684775
1331 0.8555983425
1332 0.85651191
1333 0.8574254775
1334 0.858232866
1335 0.858987165
1336 0.859741464
1337 0.860495763
1338 0.861250062
1339 0.862004361
1340 0.86275866
1341 0.863512959
1342 0.864267258
1343 0.865021557
1344 0.865775856
1345 0.866530155
1346 0.867284454
1347 0.868038753
1348 0.868793052
1349 0.869547351
1350 0.87030165
1351 0.871055949
1352 0.871810248
1353 0.872564547
1354 0.873318846
1355 0.874073145
1356 0.874827444
1357 0.875581743
1358 0.876336042
1359 0.877090341
1360 0.87784464
1361 0.878598939
1362 0.879353238
1363 0.879870144048387
1364 0.879969814
1365 0.880069483951613
1366 0.880169153903226
1367 0.880268823854839
1368 0.880368493806452
1369 0.880468163758064
1370 0.880567833709677
1371 0.88066750366129
1372 0.880767173612903
1373 0.880866843564516
1374 0.880966513516129
1375 0.881066183467742
1376 0.881165853419355
1377 0.881265523370968
1378 0.881365193322581
1379 0.881464863274193
1380 0.881564533225806
1381 0.881664203177419
1382 0.881763873129032
1383 0.881863543080645
1384 0.881963213032258
1385 0.882062882983871
1386 0.882162552935484
1387 0.882262222887097
1388 0.88236189283871
1389 0.882461562790323
1390 0.882561232741935
1391 0.882660902693548
1392 0.882760572645161
1393 0.882860242596774
1394 0.882903295459677
1395 0.882926618125
1396 0.882949940790323
1397 0.882973263455645
1398 0.882996586120968
1399 0.88301990878629
1400 0.883043231451613
1401 0.883066554116935
1402 0.883089876782258
1403 0.883113199447581
1404 0.883136522112903
1405 0.883159844778226
1406 0.883183167443548
1407 0.883206490108871
1408 0.883229812774194
1409 0.883253135439516
1410 0.883276458104839
1411 0.883299780770161
1412 0.883323103435484
1413 0.883346426100806
1414 0.883369748766129
1415 0.883393071431452
1416 0.883416394096774
1417 0.883439716762097
1418 0.883463039427419
1419 0.883486362092742
1420 0.883509684758064
1421 0.883533007423387
1422 0.88355633008871
1423 0.883579652754032
1424 0.883602975419355
1425 0.883626298084677
1426 0.8834732
1427 0.883248964516129
1428 0.883024729032258
1429 0.882800493548387
1430 0.882576258064516
1431 0.882352022580645
1432 0.882127787096774
1433 0.881903551612903
1434 0.881679316129032
1435 0.881455080645161
1436 0.88123084516129
1437 0.881006609677419
1438 0.880782374193548
1439 0.880558138709677
1440 0.880333903225807
1441 0.880109667741935
1442 0.879885432258064
1443 0.879661196774194
1444 0.879436961290323
1445 0.879212725806452
1446 0.878988490322581
1447 0.87876425483871
1448 0.878540019354839
1449 0.878315783870968
1450 0.878091548387097
1451 0.877867312903226
1452 0.877643077419355
1453 0.877418841935484
1454 0.877194606451613
1455 0.876970370967742
1456 0.876746135483871
1457 0.8765219
1458 0.876297664516129
1459 0.87601203953629
1460 0.875439930241935
1461 0.874867820947581
1462 0.874295711653226
1463 0.873723602358871
1464 0.873151493064516
1465 0.872579383770161
1466 0.872007274475807
1467 0.871435165181452
1468 0.870863055887097
1469 0.870290946592742
1470 0.869718837298387
1471 0.869146728004032
1472 0.868574618709677
1473 0.868002509415323
1474 0.867430400120968
1475 0.866858290826613
1476 0.866286181532258
1477 0.865714072237903
1478 0.865141962943548
1479 0.864569853649194
1480 0.863997744354839
1481 0.863425635060484
1482 0.862853525766129
1483 0.862281416471774
1484 0.861709307177419
1485 0.861137197883065
1486 0.86056508858871
1487 0.859992979294355
1488 0.85942087
1489 0.858848760705645
1490 0.85827665141129
1491 0.857704542116935
1492 0.857132432822581
1493 0.856560323528226
1494 0.85598694641129
1495 0.855362222479839
1496 0.854737498548387
1497 0.854112774616935
1498 0.853488050685484
1499 0.852863326754032
1500 0.852238602822581
1501 0.851613878891129
1502 0.850989154959677
1503 0.850364431028226
1504 0.849739707096774
1505 0.849114983165323
1506 0.848490259233871
1507 0.847865535302419
1508 0.847240811370968
1509 0.846616087439516
1510 0.845991363508064
1511 0.845366639576613
1512 0.844741915645161
1513 0.84411719171371
1514 0.843492467782258
1515 0.842867743850806
1516 0.842243019919355
1517 0.841618295987903
1518 0.840993572056452
1519 0.840368848125
1520 0.839744124193548
1521 0.839119400262097
1522 0.838494676330645
1523 0.837869952399193
1524 0.837245228467742
1525 0.83662050453629
1526 0.835995780604839
1527 0.835371056673387
1528 0.834746332741935
1529 0.834121608810484
1530 0.833496884879032
1531 0.832877899975806
1532 0.83229543616129
1533 0.831712972346774
1534 0.831130508532258
1535 0.830548044717742
1536 0.829965580903226
1537 0.82938311708871
1538 0.828800653274193
1539 0.828218189459677
1540 0.827635725645161
1541 0.827053261830645
1542 0.826470798016129
1543 0.825888334201613
1544 0.825305870387097
1545 0.824723406572581
1546 0.824140942758064
1547 0.823558478943548
1548 0.822976015129032
1549 0.822393551314516
1550 0.8218110875
1551 0.821228623685484
1552 0.820646159870968
1553 0.820063696056452
1554 0.819481232241935
1555 0.818898768427419
1556 0.818316304612903
1557 0.817733840798387
1558 0.817151376983871
1559 0.816568913169355
1560 0.815986449354839
1561 0.815403985540323
1562 0.814821521725806
1563 0.81423905791129
1564 0.813656594096774
1565 0.813074130282258
1566 0.812491666467742
1567 0.811909202653226
1568 0.81132673883871
1569 0.810744275024194
1570 0.810251302056452
1571 0.809904497471774
1572 0.809557692887097
1573 0.809210888302419
1574 0.808864083717742
1575 0.808517279133064
1576 0.808170474548387
1577 0.80782366996371
1578 0.807476865379032
1579 0.807130060794355
1580 0.806783256209677
1581 0.806436451625
1582 0.806089647040323
1583 0.805742842455645
1584 0.805396037870968
1585 0.80504923328629
1586 0.804702428701613
1587 0.804355624116935
1588 0.804008819532258
1589 0.803662014947581
1590 0.803315210362903
1591 0.802968405778226
1592 0.802621601193548
1593 0.802274796608871
1594 0.801927992024194
1595 0.801581187439516
1596 0.801234382854839
1597 0.800887578270161
1598 0.800540773685484
1599 0.800193969100806
1600 0.799847164516129
1601 0.799500359931452
1602 0.799153555346774
1603 0.798806750762097
1604 0.798459946177419
1605 0.798113141592742
1606 0.797766337008064
1607 0.797419532423387
1608 0.79707272783871
1609 0.796725923254032
1610 0.796379118669355
1611 0.796099773487903
1612 0.7958634875
1613 0.795627201512097
1614 0.795390915524193
1615 0.79515462953629
1616 0.794918343548387
1617 0.794682057560484
1618 0.794445771572581
1619 0.794209485584677
1620 0.793973199596774
1621 0.793736913608871
1622 0.793500627620968
1623 0.793264341633064
1624 0.793028055645161
1625 0.792791769657258
1626 0.792555483669355
1627 0.792319197681452
1628 0.792082911693548
1629 0.791846625705645
1630 0.791610339717742
1631 0.791374053729839
1632 0.791137767741935
1633 0.790901481754032
1634 0.790665195766129
1635 0.790428909778226
1636 0.790192623790323
1637 0.789956337802419
1638 0.789720051814516
1639 0.789483765826613
1640 0.78924747983871
1641 0.789011193850806
1642 0.788774907862903
1643 0.788538621875
1644 0.788302335887097
1645 0.788066049899194
1646 0.78782976391129
1647 0.787593477923387
1648 0.787357191935484
1649 0.787120905947581
1650 0.786884619959677
1651 0.786648333971774
1652 0.786412047983871
1653 0.786175761995968
1654 0.786075688709677
1655 0.786043721774194
1656 0.78601175483871
1657 0.785979787903226
1658 0.785947820967742
1659 0.785915854032258
1660 0.785883887096774
1661 0.78585192016129
1662 0.785819953225806
1663 0.785787986290323
1664 0.785756019354839
1665 0.785724052419355
1666 0.785692085483871
1667 0.785660118548387
1668 0.785628151612903
1669 0.785596184677419
1670 0.785564217741936
1671 0.785532250806452
1672 0.785500283870968
1673 0.785468316935484
1674 0.78543635
1675 0.785404383064516
1676 0.785372416129032
1677 0.785340449193548
1678 0.785308482258065
1679 0.785276515322581
1680 0.785244548387097
1681 0.785212581451613
1682 0.785180614516129
1683 0.785148647580645
1684 0.785116680645161
1685 0.785084713709677
1686 0.785052746774194
1687 0.78502077983871
1688 0.784988812903226
1689 0.784956845967742
1690 0.784924879032258
1691 0.784892912096774
1692 0.78486094516129
1693 0.784828978225807
1694 0.784797011290323
1695 0.784765044354839
1696 0.784733077419355
1697 0.784701110483871
1698 0.784669143548387
1699 0.784709006737903
1700 0.784871247177419
1701 0.785033487616935
1702 0.785195728056452
1703 0.785357968495968
1704 0.785520208935484
1705 0.785682449375
1706 0.785844689814516
1707 0.786006930254032
1708 0.786169170693548
1709 0.786331411133064
1710 0.786493651572581
1711 0.786655892012097
1712 0.786818132451613
1713 0.786980372891129
1714 0.787142613330645
1715 0.787304853770161
1716 0.787467094209677
1717 0.787629334649194
1718 0.78779157508871
1719 0.787953815528226
1720 0.788116055967742
1721 0.788278296407258
1722 0.788440536846774
1723 0.78860277728629
1724 0.788765017725806
1725 0.788927258165323
1726 0.789089498604839
1727 0.789251739044355
1728 0.789413979483871
1729 0.789576219923387
1730 0.789738460362903
1731 0.789900700802419
1732 0.790062941241935
1733 0.790225181681452
1734 0.790387422120968
1735 0.790549662560484
1736 0.790711903
1737 0.790874143439516
1738 0.791036383879032
1739 0.791198624318548
1740 0.791360864758065
1741 0.791523105197581
1742 0.791685345637097
1743 0.791847586076613
1744 0.792009826516129
1745 0.792172066955645
1746 0.792334307395161
1747 0.792586808439516
1748 0.79292225166129
1749 0.793257694883065
1750 0.793593138104839
1751 0.793928581326613
1752 0.794264024548387
1753 0.794599467770161
1754 0.794934910991935
1755 0.79527035421371
1756 0.795605797435484
1757 0.795941240657258
1758 0.796276683879032
1759 0.796612127100806
1760 0.796947570322581
1761 0.797283013544355
1762 0.797618456766129
1763 0.797953899987903
1764 0.798289343209677
1765 0.798624786431452
1766 0.798960229653226
1767 0.799295672875
1768 0.799631116096774
1769 0.799966559318548
1770 0.800302002540323
1771 0.800637445762097
1772 0.800972888983871
1773 0.801308332205645
1774 0.801643775427419
1775 0.801979218649194
1776 0.802314661870968
1777 0.802650105092742
1778 0.802985548314516
1779 0.80332099153629
1780 0.803656434758064
1781 0.803991877979839
1782 0.804327321201613
1783 0.804662764423387
1784 0.804998207645161
1785 0.805333650866935
1786 0.80566909408871
1787 0.806004537310484
1788 0.806339980532258
1789 0.806675423754032
1790 0.807010866975806
1791 0.807346310197581
1792 0.807681753419355
1793 0.808017196641129
1794 0.808352639862903
1795 0.808688083084677
1796 0.809023526306452
1797 0.809358969528226
1798 0.80980007525
1799 0.810253110608871
1800 0.810706145967742
1801 0.811159181326613
1802 0.811612216685484
1803 0.812065252044355
1804 0.812518287403226
1805 0.812971322762097
1806 0.813424358120968
1807 0.813877393479839
1808 0.81433042883871
1809 0.814783464197581
1810 0.815236499556452
1811 0.815689534915323
1812 0.816142570274194
1813 0.816595605633065
1814 0.817048640991936
1815 0.817501676350807
1816 0.817954711709677
1817 0.818407747068548
1818 0.818860782427419
1819 0.81931381778629
1820 0.819766853145161
1821 0.820219888504032
1822 0.820672923862903
1823 0.821125959221774
1824 0.821578994580645
1825 0.822032029939516
1826 0.822485065298387
1827 0.822938100657258
1828 0.823391136016129
1829 0.823844171375
1830 0.824297206733871
1831 0.824750242092742
1832 0.825203277451613
1833 0.825656312810484
1834 0.826109348169355
1835 0.826562383528226
1836 0.827015418887097
1837 0.827468454245968
1838 0.827921489604839
1839 0.82837452496371
1840 0.828827560322581
1841 0.829280595681452
1842 0.829733631040323
1843 0.830186666399194
1844 0.830639701758065
1845 0.831092737116936
1846 0.831545772475807
1847 0.831998807834678
1848 0.832451843193548
1849 0.832904878552419
1850 0.83335791391129
1851 0.833779213629032
1852 0.834107173225807
1853 0.834435132822581
1854 0.834763092419355
1855 0.835091052016129
1856 0.835419011612903
1857 0.835746971209677
1858 0.836074930806452
1859 0.836402890403226
1860 0.83673085
1861 0.837058809596774
1862 0.837386769193548
1863 0.837714728790323
1864 0.838042688387097
1865 0.838370647983871
1866 0.838698607580645
1867 0.839026567177419
1868 0.839354526774194
1869 0.839682486370968
1870 0.840010445967742
1871 0.840338405564516
1872 0.84066636516129
1873 0.840994324758065
1874 0.841322284354839
1875 0.841650243951613
1876 0.841978203548387
1877 0.842306163145161
1878 0.842634122741935
1879 0.84296208233871
1880 0.843290041935484
1881 0.843618001532258
1882 0.843945961129032
1883 0.844273920725807
1884 0.844601880322581
1885 0.844929839919355
1886 0.845257799516129
1887 0.845585759112903
1888 0.845913718709677
1889 0.846241678306452
1890 0.846569637903226
1891 0.8468975975
1892 0.847225557096774
1893 0.847553516693548
1894 0.847881476290323
1895 0.848209435887097
1896 0.848537395483871
1897 0.848865355080645
1898 0.849193314677419
1899 0.849521274274194
1900 0.849849233870968
1901 0.850177193467742
1902 0.850505153064516
1903 0.85083311266129
1904 0.851161072258065
1905 0.851489031854839
1906 0.851816991451613
1907 0.852144951048387
1908 0.852486080806452
1909 0.852856843427419
1910 0.853227606048387
1911 0.853598368669355
1912 0.853969131290323
1913 0.85433989391129
1914 0.854710656532258
1915 0.855081419153226
1916 0.855452181774194
1917 0.855822944395161
1918 0.856193707016129
1919 0.856564469637097
1920 0.856935232258065
1921 0.857305994879032
1922 0.8576767575
1923 0.858047520120968
1924 0.858418282741936
1925 0.858789045362903
1926 0.859159807983871
1927 0.859530570604839
1928 0.859901333225807
1929 0.860272095846774
1930 0.860642858467742
1931 0.86101362108871
1932 0.861384383709677
1933 0.861755146330645
1934 0.862125908951613
1935 0.862496671572581
1936 0.862867434193548
1937 0.863238196814516
1938 0.863608959435484
1939 0.863979722056452
1940 0.864350484677419
1941 0.864721247298387
1942 0.865092009919355
1943 0.865462772540323
1944 0.86583353516129
1945 0.866204297782258
1946 0.866575060403226
1947 0.866945823024194
1948 0.867316585645161
1949 0.867687348266129
1950 0.868058110887097
1951 0.868428873508065
1952 0.868799636129032
1953 0.86917039875
1954 0.869541161370968
1955 0.869911923991936
1956 0.870282686612903
1957 0.870653449233871
1958 0.871024211854839
1959 0.871394974475806
1960 0.871765737096774
1961 0.872136499717742
1962 0.87250726233871
1963 0.872878024959677
1964 0.873248787580645
1965 0.873619550201613
1966 0.873990312822581
1967 0.874361075443548
1968 0.874731838064516
1969 0.875026562834677
1970 0.875295402379032
1971 0.875564241923387
1972 0.875833081467742
1973 0.876101921012097
1974 0.876370760556452
1975 0.876639600100806
1976 0.876908439645161
1977 0.877177279189516
1978 0.877446118733871
1979 0.877714958278226
1980 0.877983797822581
1981 0.878252637366935
1982 0.87852147691129
1983 0.878790316455645
1984 0.879059156
1985 0.879327995544355
1986 0.87959683508871
1987 0.879865674633065
1988 0.880134514177419
1989 0.880403353721774
1990 0.880672193266129
1991 0.880941032810484
1992 0.881209872354839
1993 0.881478711899194
1994 0.881747551443548
1995 0.882016390987903
1996 0.882285230532258
1997 0.882554070076613
1998 0.882822909620968
1999 0.883091749165323
2000 0.883360588709677
2001 0.883629428254032
2002 0.883898267798387
2003 0.884167107342742
2004 0.884435946887097
2005 0.884704786431452
2006 0.884973625975807
2007 0.885242465520161
2008 0.885511305064516
2009 0.885780144608871
2010 0.886048984153226
2011 0.886317823697581
2012 0.886586663241935
2013 0.88685550278629
2014 0.887124342330645
2015 0.887393181875
2016 0.887662021419355
2017 0.88793086096371
2018 0.888199700508065
2019 0.888468540052419
2020 0.888737379596774
2021 0.889006219141129
2022 0.889275058685484
2023 0.889543898229839
2024 0.889812737774194
2025 0.890081577318548
2026 0.890350416862903
2027 0.890619256407258
2028 0.890888095951613
2029 0.891156935495968
2030 0.891425775040323
2031 0.891694614584677
2032 0.891963454129032
2033 0.892174848455645
2034 0.892174137362903
2035 0.892173426270161
2036 0.892172715177419
2037 0.892172004084677
2038 0.892171292991936
2039 0.892170581899194
2040 0.892169870806452
2041 0.89216915971371
2042 0.892168448620968
2043 0.892167737528226
2044 0.892167026435484
2045 0.892166315342742
2046 0.89216560425
2047 0.892164893157258
2048 0.892164182064516
2049 0.892163470971774
2050 0.892162759879032
2051 0.89216204878629
2052 0.892161337693548
2053 0.892160626600807
2054 0.892159915508065
2055 0.892159204415323
2056 0.892158493322581
2057 0.892157782229839
2058 0.892157071137097
2059 0.892156360044355
2060 0.892155648951613
2061 0.892154937858871
2062 0.892154226766129
2063 0.892153515673387
2064 0.892152804580645
2065 0.892152093487903
2066 0.892151382395161
2067 0.892150671302419
2068 0.892149960209677
2069 0.892149249116935
2070 0.892148538024194
2071 0.892147826931452
2072 0.89214711583871
2073 0.892146404745968
2074 0.892145693653226
2075 0.892144982560484
2076 0.892144271467742
2077 0.892143560375
2078 0.892142849282258
2079 0.892142138189516
2080 0.892141427096774
2081 0.892140716004032
2082 0.89214000491129
2083 0.892139293818548
2084 0.892138582725806
2085 0.892137871633064
2086 0.892137160540323
2087 0.892136449447581
2088 0.892135738354839
2089 0.892135027262097
2090 0.892134316169355
2091 0.892133605076613
2092 0.892132893983871
2093 0.892132182891129
2094 0.892131471798387
2095 0.892130760705645
2096 0.892130049612903
2097 0.892129338520161
2098 0.892128627427419
2099 0.892127916334677
2100 0.892127205241935
2101 0.892126494149194
2102 0.892080152693548
2103 0.89192987541129
2104 0.891779598129032
2105 0.891629320846774
2106 0.891479043564516
2107 0.891328766282258
2108 0.891178489
2109 0.891028211717742
2110 0.890877934435484
2111 0.890727657153226
2112 0.890577379870968
2113 0.89042710258871
2114 0.890276825306452
2115 0.890126548024194
2116 0.889976270741936
2117 0.889825993459677
2118 0.889675716177419
2119 0.889525438895161
2120 0.889375161612903
2121 0.889224884330645
2122 0.889074607048387
2123 0.888924329766129
2124 0.888774052483871
2125 0.888623775201613
2126 0.888473497919355
2127 0.888323220637097
2128 0.888172943354839
2129 0.888022666072581
2130 0.887872388790323
2131 0.887722111508065
2132 0.887571834225806
2133 0.887421556943548
2134 0.88727127966129
2135 0.887121002379032
2136 0.886970725096774
2137 0.886820447814516
2138 0.886670170532258
2139 0.88651989325
2140 0.886369615967742
2141 0.886219338685484
2142 0.886069061403226
2143 0.885918784120968
2144 0.88576850683871
2145 0.885618229556452
2146 0.885467952274194
2147 0.885317674991935
2148 0.885167397709677
2149 0.885017120427419
2150 0.884866843145161
