ESTIMATED THICKNESSES

Thickness of film 1 = 1117.00 nm

ESTIMATED INFLEXION POINTS

Inflexion point of the absorption coefficient of film 1 = 350.00 nm

ESTIMATED REFRACTIVE INDICES AND ABSORPTION COEFFICIENTS

Film 1

lambda                     n                          kappa
3.50000000000000000000e+02 1.91569620685831032425e+00 1.20345397055038078049e-01
3.64646464646464664838e+02 1.91569620685831032425e+00 6.79618644220157663849e-02
3.79292929292929272833e+02 1.91569620685831032425e+00 4.79628460161504732717e-02
3.93939393939393937671e+02 1.91569620685831032425e+00 2.79638276102851870974e-02
4.08585858585858602510e+02 1.91569620685831032425e+00 7.96480920441989745373e-03
4.23232323232323210505e+02 1.91569620685831032425e+00 6.64649116303266031952e-03
4.37878787878787875343e+02 1.91569620685831032425e+00 5.32817312164542231795e-03
4.52525252525252540181e+02 1.91569620685831032425e+00 4.00985508025818431638e-03
4.67171717171717205019e+02 1.91569620685831032425e+00 2.69153703887094631481e-03
4.81818181818181813014e+02 1.91569620685831032425e+00 2.55543744540495621972e-03
4.96464646464646477853e+02 1.91569620685831032425e+00 2.41933785193896612464e-03
5.11111111111111085847e+02 1.91569620685831032425e+00 2.28323825847297602956e-03
5.25757575757575750686e+02 1.91569620685831032425e+00 2.14713866500698593448e-03
5.40404040404040415524e+02 1.91569620685831032425e+00 2.01103907154099583940e-03
5.55050505050505080362e+02 1.91569620685831032425e+00 1.87493947807500552748e-03
5.69696969696969745200e+02 1.91569620685831032425e+00 1.87493947807500552748e-03
5.84343434343434410039e+02 1.91569620685831032425e+00 1.87493947807500552748e-03
5.98989898989898961190e+02 1.91569620685831032425e+00 1.87493947807500552748e-03
6.13636363636363626028e+02 1.91569620685831032425e+00 1.87493947807500552748e-03
6.28282828282828290867e+02 1.91569620685831032425e+00 1.87493947807500552748e-03
6.42929292929292955705e+02 1.91569620685831032425e+00 1.87493947807500552748e-03
6.57575757575757506856e+02 1.91569620685831032425e+00 1.87493947807500552748e-03
6.72222222222222171695e+02 1.91569620685831032425e+00 1.87493947807500552748e-03
6.86868686868686836533e+02 1.91569620685831032425e+00 1.87493947807500552748e-03
7.01515151515151501371e+02 1.91569620685831032425e+00 1.87493947807500552748e-03
7.16161616161616166210e+02 1.91569620685831032425e+00 1.87493947807500552748e-03
7.30808080808080831048e+02 1.91569620685831032425e+00 1.87493947807500552748e-03
7.45454545454545495886e+02 1.91569620685831032425e+00 1.87493947807500552748e-03
7.60101010101010160724e+02 1.91569620685831032425e+00 1.87493947807500552748e-03
7.74747474747474825563e+02 1.91569620685831032425e+00 1.87493947807500552748e-03
7.89393939393939490401e+02 1.91569620685831032425e+00 1.87493947807500552748e-03
8.04040404040404041552e+02 1.91569620685831032425e+00 1.87493947807500552748e-03
8.18686868686868706391e+02 1.91569620685831032425e+00 1.87493947807500552748e-03
8.33333333333333371229e+02 1.91569620685831032425e+00 1.87493947807500552748e-03
8.47979797979797922380e+02 1.91569620685831032425e+00 1.87493947807500552748e-03
8.62626262626262700905e+02 1.91569620685831032425e+00 1.87493947807500552748e-03
8.77272727272727252057e+02 1.91569620685831032425e+00 1.87493947807500552748e-03
8.91919191919191916895e+02 1.91569620685831032425e+00 1.87493947807500552748e-03
9.06565656565656581733e+02 1.91569620685831032425e+00 1.87493947807500552748e-03
9.21212121212121246572e+02 1.91569620685831032425e+00 1.87493947807500552748e-03
9.35858585858585911410e+02 1.91569620685831032425e+00 1.87493947807500552748e-03
9.50505050505050576248e+02 1.91569620685831032425e+00 1.87493947807500552748e-03
9.65151515151515127400e+02 1.91569620685831032425e+00 1.87493947807500552748e-03
9.79797979797979792238e+02 1.91569620685831032425e+00 1.87493947807500552748e-03
9.94444444444444457076e+02 1.91569620685831032425e+00 1.87493947807500552748e-03
1.00909090909090912191e+03 1.91569620685831032425e+00 1.87493947807500552748e-03
1.02373737373737378675e+03 1.91569620685831032425e+00 1.87493947807500552748e-03
1.03838383838383833790e+03 1.91569620685831032425e+00 1.87493947807500552748e-03
1.05303030303030300274e+03 1.91569620685831032425e+00 1.87493947807500552748e-03
1.06767676767676766758e+03 1.91569620685831032425e+00 1.87493947807500552748e-03
1.08232323232323233242e+03 1.91569620685831032425e+00 1.87493947807500552748e-03
1.09696969696969699726e+03 1.91569620685831032425e+00 1.87493947807500552748e-03
1.11161616161616166210e+03 1.91569620685831032425e+00 1.87493947807500552748e-03
1.12626262626262632693e+03 1.91569620685831032425e+00 1.87493947807500552748e-03
1.14090909090909099177e+03 1.91569620685831032425e+00 1.87493947807500552748e-03
1.15555555555555565661e+03 1.91569620685831032425e+00 1.87493947807500552748e-03
1.17020202020202032145e+03 1.91569620685831032425e+00 1.87493947807500552748e-03
1.18484848484848498629e+03 1.91569620685831032425e+00 1.87493947807500552748e-03
1.19949494949494965113e+03 1.91569620685831032425e+00 1.87493947807500552748e-03
1.21414141414141431596e+03 1.91569620685831032425e+00 1.87493947807500552748e-03
1.22878787878787898080e+03 1.91569620685831032425e+00 1.87493947807500552748e-03
1.24343434343434341827e+03 1.91569620685831032425e+00 1.87493947807500552748e-03
1.25808080808080808310e+03 1.91569620685831032425e+00 1.87493947807500552748e-03
1.27272727272727274794e+03 1.91569620685831032425e+00 1.87493947807500552748e-03
1.28737373737373741278e+03 1.91569620685831032425e+00 1.87493947807500552748e-03
1.30202020202020207762e+03 1.91569620685831032425e+00 1.87493947807500552748e-03
1.31666666666666674246e+03 1.91569620685831032425e+00 1.87493947807500552748e-03
1.33131313131313140730e+03 1.91569620685831032425e+00 1.87493947807500552748e-03
1.34595959595959584476e+03 1.91569620685831032425e+00 1.87493947807500552748e-03
1.36060606060606050960e+03 1.91569620685831032425e+00 1.87493947807500552748e-03
1.37525252525252540181e+03 1.91569620685831032425e+00 1.87493947807500552748e-03
1.38989898989898983928e+03 1.91569620685831032425e+00 1.87493947807500552748e-03
1.40454545454545450411e+03 1.91569620685831032425e+00 1.87493947807500552748e-03
1.41919191919191916895e+03 1.91569620685831032425e+00 1.87493947807500552748e-03
1.43383838383838383379e+03 1.91569620685831032425e+00 1.87493947807500552748e-03
1.44848484848484849863e+03 1.91569620685831032425e+00 1.87493947807500552748e-03
1.46313131313131316347e+03 1.91569620685831032425e+00 1.87493947807500552748e-03
1.47777777777777782831e+03 1.91569620685831032425e+00 1.87493947807500552748e-03
1.49242424242424249314e+03 1.91569620685831032425e+00 1.87493947807500552748e-03
1.50707070707070715798e+03 1.91569620685831032425e+00 1.87493947807500552748e-03
1.52171717171717182282e+03 1.91569620685831032425e+00 1.87493947807500552748e-03
1.53636363636363648766e+03 1.91569620685831032425e+00 1.87493947807500552748e-03
1.55101010101010115250e+03 1.91569620685831032425e+00 1.87493947807500552748e-03
1.56565656565656581733e+03 1.91569620685831032425e+00 1.87493947807500552748e-03
1.58030303030303025480e+03 1.91569620685831032425e+00 1.87493947807500552748e-03
1.59494949494949491964e+03 1.91569620685831032425e+00 1.87493947807500552748e-03
1.60959595959595958448e+03 1.91569620685831032425e+00 1.87493947807500552748e-03
1.62424242424242424931e+03 1.91569620685831032425e+00 1.87493947807500552748e-03
1.63888888888888891415e+03 1.91569620685831032425e+00 1.87493947807500552748e-03
1.65353535353535357899e+03 1.91569620685831032425e+00 1.87493947807500552748e-03
1.66818181818181824383e+03 1.91569620685831032425e+00 1.87493947807500552748e-03
1.68282828282828290867e+03 1.91569620685831032425e+00 1.87493947807500552748e-03
1.69747474747474757351e+03 1.91569620685831032425e+00 1.87493947807500552748e-03
1.71212121212121223834e+03 1.91569620685831032425e+00 1.87493947807500552748e-03
1.72676767676767690318e+03 1.91569620685831032425e+00 1.87493947807500552748e-03
1.74141414141414156802e+03 1.91569620685831032425e+00 1.87493947807500552748e-03
1.75606060606060600549e+03 1.91569620685831032425e+00 1.87493947807500552748e-03
1.77070707070707067032e+03 1.91569620685831032425e+00 1.87493947807500552748e-03
1.78535353535353533516e+03 1.91569620685831032425e+00 1.87493947807500552748e-03
1.80000000000000000000e+03 1.91569620685831032425e+00 1.87493947807500552748e-03


TRANSMITTANCE WITH THE ESTIMATED THICKNESSES AND OPTICAL PARAMETERS

lambda                     t
3.50000000000000000000e+02 6.81494514920326626556e-03
3.64646464646464664838e+02 6.21644757867777439375e-02
3.79292929292929272833e+02 1.43520226661196431683e-01
3.93939393939393937671e+02 3.19357264691722209093e-01
4.08585858585858602510e+02 6.18641555022008904352e-01
4.23232323232323210505e+02 7.10619677527144388840e-01
4.37878787878787875343e+02 7.25110350036290540743e-01
4.52525252525252540181e+02 7.13971476106267655126e-01
4.67171717171717205019e+02 8.12038041580657621310e-01
4.81818181818181813014e+02 8.28981192407628908470e-01
4.96464646464646477853e+02 7.63426195740531610134e-01
5.11111111111111085847e+02 7.68342918865248525329e-01
5.25757575757575750686e+02 8.38523578393305379919e-01
5.40404040404040415524e+02 8.56768775239524327247e-01
5.55050505050505080362e+02 8.01931977618575930755e-01
5.69696969696969745200e+02 7.66975355231290678582e-01
5.84343434343434410039e+02 7.93320919393406764897e-01
5.98989898989898961190e+02 8.49678737085097779413e-01
6.13636363636363626028e+02 8.72533703707301655506e-01
6.28282828282828290867e+02 8.39162565498542845077e-01
6.42929292929292955705e+02 7.91740748251024806237e-01
6.57575757575757506856e+02 7.71015022185309151226e-01
6.72222222222222171695e+02 7.87045883611133922919e-01
6.86868686868686836533e+02 8.27808531184353602050e-01
7.01515151515151501371e+02 8.67218090501850502605e-01
7.16161616161616166210e+02 8.79137816971289565160e-01
7.30808080808080831048e+02 8.58206083519805984494e-01
7.45454545454545495886e+02 8.21573467030576987113e-01
7.60101010101010160724e+02 7.90073915101475399148e-01
7.74747474747474825563e+02 7.75618864130777074806e-01
7.89393939393939490401e+02 7.81024999780510764680e-01
8.04040404040404041552e+02 8.03068998827871305402e-01
8.18686868686868706391e+02 8.34272807147193651289e-01
8.33333333333333371229e+02 8.64319043437357659165e-01
8.47979797979797922380e+02 8.83023097281858682095e-01
8.62626262626262700905e+02 8.84607060420401491996e-01
8.77272727272727252057e+02 8.70167046446510439317e-01
8.91919191919191916895e+02 8.46070146086375651784e-01
9.06565656565656581733e+02 8.20049504182368771410e-01
9.21212121212121246572e+02 7.98229238689602271783e-01
9.35858585858585911410e+02 7.84202895057125481948e-01
9.50505050505050576248e+02 7.79381009767301735636e-01
9.65151515151515127400e+02 7.83629022054383894691e-01
9.79797979797979792238e+02 7.95739690347144756899e-01
9.94444444444444457076e+02 8.13692564084283698200e-01
1.00909090909090912191e+03 8.34823121105965126887e-01
1.02373737373737378675e+03 8.56053244464288876081e-01
1.03838383838383833790e+03 8.74280681968741202326e-01
1.05303030303030300274e+03 8.86906574200348685189e-01
1.06767676767676766758e+03 8.92344919601377295493e-01
1.08232323232323233242e+03 8.90301388039759000748e-01
1.09696969696969699726e+03 8.81696719110426352373e-01
1.11161616161616166210e+03 8.68288049106161863300e-01
1.12626262626262632693e+03 8.52172887640899157091e-01
1.14090909090909099177e+03 8.35362607292775893875e-01
1.15555555555555565661e+03 8.19521316767805374504e-01
1.17020202020202032145e+03 8.05868942190168358053e-01
1.18484848484848498629e+03 7.95196109005231188682e-01
1.19949494949494965113e+03 7.87932595686618220121e-01
1.21414141414141431596e+03 7.84227728167530613312e-01
1.22878787878787898080e+03 7.84020816789372076983e-01
1.24343434343434341827e+03 7.87094183714817430264e-01
1.25808080808080808310e+03 7.93109490356319501991e-01
1.27272727272727274794e+03 8.01631724353156438490e-01
1.28737373737373741278e+03 8.12146276794662114185e-01
1.30202020202020207762e+03 8.24074293292299309144e-01
1.31666666666666674246e+03 8.36790519831396961692e-01
1.33131313131313140730e+03 8.49646396375182355598e-01
1.34595959595959584476e+03 8.61999269864706429978e-01
1.36060606060606050960e+03 8.73246480789346746221e-01
1.37525252525252540181e+03 8.82861081214978082876e-01
1.38989898989898983928e+03 8.90424561825045368657e-01
1.40454545454545450411e+03 8.95651661529786591309e-01
1.41919191919191916895e+03 8.98403306157702696844e-01
1.43383838383838383379e+03 8.98685763168615148189e-01
1.44848484848484849863e+03 8.96636620661605654448e-01
1.46313131313131316347e+03 8.92500459768834852881e-01
1.47777777777777782831e+03 8.86598490496330993160e-01
1.49242424242424249314e+03 8.79296716725752158794e-01
1.50707070707070715798e+03 8.70976524270393070992e-01
1.52171717171717182282e+03 8.62010334101266262330e-01
1.53636363636363648766e+03 8.52743572290762363863e-01
1.55101010101010115250e+03 8.43483018445255749995e-01
1.56565656565656581733e+03 8.34490778220309703528e-01
1.58030303030303025480e+03 8.25982704174402337927e-01
1.59494949494949491964e+03 8.18129988642270822297e-01
1.60959595959595958448e+03 8.11062762591464037065e-01
1.62424242424242424931e+03 8.04874751736905369448e-01
1.63888888888888891415e+03 7.99628287969370465937e-01
1.65353535353535357899e+03 7.95359202842341073136e-01
1.66818181818181824383e+03 7.92081317748045243832e-01
1.68282828282828290867e+03 7.89790386668694388561e-01
1.69747474747474757351e+03 7.88467445724249538230e-01
1.71212121212121223834e+03 7.88081587028914731796e-01
1.72676767676767690318e+03 7.88592211328406955673e-01
1.74141414141414156802e+03 7.89950832344802789109e-01
1.75606060606060600549e+03 7.92102511972394451867e-01
1.77070707070707067032e+03 7.94987004080245696080e-01
1.78535353535353533516e+03 7.98539678896289739640e-01
1.80000000000000000000e+03 8.02692291868558394086e-01


QUADRATIC ERROR = 6.242629e-02
