0.00000000000000000000e+00
0.00000000000000000000e+00
0.00000000000000000000e+00
0.00000000000000000000e+00
0.00000000000000000000e+00
0.00000000000000000000e+00
0.00000000000000000000e+00
0.00000000000000000000e+00
0.00000000000000000000e+00
0.00000000000000000000e+00
0.00000000000000000000e+00
0.00000000000000000000e+00
0.00000000000000000000e+00
0.00000000000000000000e+00
0.00000000000000000000e+00
0.00000000000000000000e+00
0.00000000000000000000e+00
0.00000000000000000000e+00
0.00000000000000000000e+00
0.00000000000000000000e+00
0.00000000000000000000e+00
0.00000000000000000000e+00
0.00000000000000000000e+00
0.00000000000000000000e+00
0.00000000000000000000e+00
0.00000000000000000000e+00
0.00000000000000000000e+00
0.00000000000000000000e+00
0.00000000000000000000e+00
0.00000000000000000000e+00
0.00000000000000000000e+00
0.00000000000000000000e+00
0.00000000000000000000e+00
0.00000000000000000000e+00
0.00000000000000000000e+00
0.00000000000000000000e+00
0.00000000000000000000e+00
0.00000000000000000000e+00
0.00000000000000000000e+00
0.00000000000000000000e+00
0.00000000000000000000e+00
0.00000000000000000000e+00
0.00000000000000000000e+00
0.00000000000000000000e+00
0.00000000000000000000e+00
0.00000000000000000000e+00
0.00000000000000000000e+00
0.00000000000000000000e+00
0.00000000000000000000e+00
0.00000000000000000000e+00
0.00000000000000000000e+00
0.00000000000000000000e+00
0.00000000000000000000e+00
0.00000000000000000000e+00
0.00000000000000000000e+00
0.00000000000000000000e+00
0.00000000000000000000e+00
0.00000000000000000000e+00
0.00000000000000000000e+00
0.00000000000000000000e+00
0.00000000000000000000e+00
0.00000000000000000000e+00
0.00000000000000000000e+00
0.00000000000000000000e+00
0.00000000000000000000e+00
0.00000000000000000000e+00
0.00000000000000000000e+00
0.00000000000000000000e+00
0.00000000000000000000e+00
0.00000000000000000000e+00
0.00000000000000000000e+00
0.00000000000000000000e+00
0.00000000000000000000e+00
0.00000000000000000000e+00
0.00000000000000000000e+00
0.00000000000000000000e+00
0.00000000000000000000e+00
0.00000000000000000000e+00
0.00000000000000000000e+00
0.00000000000000000000e+00
0.00000000000000000000e+00
0.00000000000000000000e+00
0.00000000000000000000e+00
0.00000000000000000000e+00
0.00000000000000000000e+00
0.00000000000000000000e+00
0.00000000000000000000e+00
0.00000000000000000000e+00
0.00000000000000000000e+00
0.00000000000000000000e+00
0.00000000000000000000e+00
0.00000000000000000000e+00
0.00000000000000000000e+00
0.00000000000000000000e+00
0.00000000000000000000e+00
0.00000000000000000000e+00
0.00000000000000000000e+00
0.00000000000000000000e+00
0.00000000000000000000e+00
9.56920167442566915739e-01
1.22867178644773950014e-02
0.00000000000000000000e+00
0.00000000000000000000e+00
9.33176448637296554467e-03
0.00000000000000000000e+00
0.00000000000000000000e+00
0.00000000000000000000e+00
-2.34755652642165343891e-03
0.00000000000000000000e+00
0.00000000000000000000e+00
0.00000000000000000000e+00
-1.81824611621506446255e-221
0.00000000000000000000e+00
-7.96518021547101633638e-04
0.00000000000000000000e+00
0.00000000000000000000e+00
0.00000000000000000000e+00
0.00000000000000000000e+00
0.00000000000000000000e+00
0.00000000000000000000e+00
0.00000000000000000000e+00
0.00000000000000000000e+00
0.00000000000000000000e+00
0.00000000000000000000e+00
0.00000000000000000000e+00
0.00000000000000000000e+00
1.01619299451158435407e-218
0.00000000000000000000e+00
3.30847125384754637999e-179
0.00000000000000000000e+00
0.00000000000000000000e+00
-7.96686028753115885098e-97
0.00000000000000000000e+00
0.00000000000000000000e+00
2.13077131010794695847e-16
0.00000000000000000000e+00
1.22319732497534497803e-13
0.00000000000000000000e+00
0.00000000000000000000e+00
5.37407567226757822468e-32
0.00000000000000000000e+00
0.00000000000000000000e+00
0.00000000000000000000e+00
-9.54510482139416249442e-22
0.00000000000000000000e+00
-3.39133375184685438680e-12
0.00000000000000000000e+00
0.00000000000000000000e+00
0.00000000000000000000e+00
-1.26732314458997393541e-12
0.00000000000000000000e+00
0.00000000000000000000e+00
0.00000000000000000000e+00
0.00000000000000000000e+00
-1.72348387074299401104e-93
0.00000000000000000000e+00
0.00000000000000000000e+00
0.00000000000000000000e+00
0.00000000000000000000e+00
0.00000000000000000000e+00
-1.21502545621554944819e-13
0.00000000000000000000e+00
0.00000000000000000000e+00
0.00000000000000000000e+00
0.00000000000000000000e+00
0.00000000000000000000e+00
-6.17147442449272922889e-20
0.00000000000000000000e+00
0.00000000000000000000e+00
0.00000000000000000000e+00
0.00000000000000000000e+00
-2.19027104002595111888e-14
0.00000000000000000000e+00
3.11904650560737258394e-25
0.00000000000000000000e+00
0.00000000000000000000e+00
0.00000000000000000000e+00
0.00000000000000000000e+00
1.61703918496625170324e-161
0.00000000000000000000e+00
0.00000000000000000000e+00
3.08461578323758214661e-207
0.00000000000000000000e+00
-7.00337594706644967691e-163
0.00000000000000000000e+00
-1.69650756008935511624e-68
0.00000000000000000000e+00
0.00000000000000000000e+00
1.21771102993227413014e-13
0.00000000000000000000e+00
1.85563403141988668947e-57
0.00000000000000000000e+00
-2.35193367573226015838e-86
0.00000000000000000000e+00
0.00000000000000000000e+00
1.14123525364420403162e-138
0.00000000000000000000e+00
3.39200228868030242596e-71
4.07820312854326913547e-277
-4.33005713365886835131e-02
